#	REAL	NALLORB	NKPOINT
	T	8	1
#IKPOINT
	1
#MATRIX
1.000000000000000000e+00 0.000000000000000000e+00 0.000000000000000000e+00 0.000000000000000000e+00 -2.988410941982994434e-05 0.000000000000000000e+00 4.367644214235000814e-05 0.000000000000000000e+00
0.000000000000000000e+00 1.000000000000000000e+00 0.000000000000000000e+00 0.000000000000000000e+00 0.000000000000000000e+00 -5.865290126560000117e-06 0.000000000000000000e+00 0.000000000000000000e+00
0.000000000000000000e+00 0.000000000000000000e+00 1.000000000000000000e+00 0.000000000000000000e+00 -4.367644214235000814e-05 0.000000000000000000e+00 1.030717327248008705e-05 0.000000000000000000e+00
0.000000000000000000e+00 0.000000000000000000e+00 0.000000000000000000e+00 1.000000000000000000e+00 0.000000000000000000e+00 0.000000000000000000e+00 0.000000000000000000e+00 -5.865290126560000117e-06
-2.988410941982994434e-05 0.000000000000000000e+00 -4.367644214235000814e-05 5.348821506777350185e-21 1.000000000000000000e+00 0.000000000000000000e+00 0.000000000000000000e+00 0.000000000000000000e+00
0.000000000000000000e+00 -5.865290126560000117e-06 0.000000000000000000e+00 0.000000000000000000e+00 0.000000000000000000e+00 1.000000000000000000e+00 0.000000000000000000e+00 0.000000000000000000e+00
4.367644214235000814e-05 0.000000000000000000e+00 1.030717327248008705e-05 -1.980555553596216583e-21 0.000000000000000000e+00 0.000000000000000000e+00 1.000000000000000000e+00 0.000000000000000000e+00
-5.348821506777350185e-21 0.000000000000000000e+00 -1.980555553596216583e-21 -5.865290126560000117e-06 0.000000000000000000e+00 0.000000000000000000e+00 0.000000000000000000e+00 1.000000000000000000e+00
