#	REAL	NALLORB	NKPOINT
	T	8	1
#IKPOINT
	1
#MATRIX
1.000000000000000000e+00 0.000000000000000000e+00 0.000000000000000000e+00 0.000000000000000000e+00 -5.191331219228189076e-01 0.000000000000000000e+00 -4.570411312060279618e-01 0.000000000000000000e+00
0.000000000000000000e+00 1.000000000000000000e+00 0.000000000000000000e+00 0.000000000000000000e+00 0.000000000000000000e+00 -3.153931528557363251e-01 0.000000000000000000e+00 0.000000000000000000e+00
0.000000000000000000e+00 0.000000000000000000e+00 1.000000000000000000e+00 0.000000000000000000e+00 4.570411312060279618e-01 0.000000000000000000e+00 3.709989654176419904e-01 0.000000000000000000e+00
0.000000000000000000e+00 0.000000000000000000e+00 0.000000000000000000e+00 1.000000000000000000e+00 0.000000000000000000e+00 0.000000000000000000e+00 0.000000000000000000e+00 -3.153931528557363251e-01
-5.191331219228189076e-01 0.000000000000000000e+00 4.570411312060279618e-01 -5.597139584101476332e-17 1.000000000000000000e+00 0.000000000000000000e+00 0.000000000000000000e+00 0.000000000000000000e+00
0.000000000000000000e+00 -3.153931528557363251e-01 0.000000000000000000e+00 0.000000000000000000e+00 0.000000000000000000e+00 1.000000000000000000e+00 0.000000000000000000e+00 0.000000000000000000e+00
-4.570411312060279618e-01 0.000000000000000000e+00 3.709989654176419904e-01 -8.405879106034641213e-17 0.000000000000000000e+00 0.000000000000000000e+00 1.000000000000000000e+00 0.000000000000000000e+00
5.597139584101476332e-17 0.000000000000000000e+00 -8.405879106034641213e-17 -3.153931528557363251e-01 0.000000000000000000e+00 0.000000000000000000e+00 0.000000000000000000e+00 1.000000000000000000e+00
